spawns: 
  default: 
    world: world
    x: 43.93181830428884
    y: 73.0
    z: 63.54870108594237
    yaw: 182.59105
    pitch: 19.629211
