spawns: 
  default: 
    world: world
    x: -18.599842798323877
    y: 74.0
    z: -2.3875454587802576
    yaw: 297.15155
    pitch: 16.80029
