spawns: 
  default: 
    world: world
    x: 46.23465514973826
    y: 75.0
    z: 89.63281102067016
    yaw: -3.598893
    pitch: 3.300377
