lastAccountName: Test
timestamps:
  login: 1585676208852
  kits:
    tools: 1585116686238
  lastteleport: 1585629567810
  logout: 1585637578314
ipAddress: 127.0.0.1
lastlocation:
  world: world
  x: -18.5
  y: 74.0
  z: -2.5
  yaw: -215.39912
  pitch: 6.1503253
afk: true
logoutlocation:
  world: world
  x: 42.7884392319183
  y: 75.0
  z: 81.54043159578092
  yaw: -2.54782
  pitch: 23.400074
money: '2101.0'
