lastAccountName: Test
timestamps:
  login: 1587258127682
  kits:
    color: 1586795244429
    tools: 1585116686238
  lastteleport: 1587096052490
  logout: 1587258150770
  command-cooldowns:
  - pattern: .*( .*)?
    expiry: 1587095450789
ipAddress: 127.0.0.1
lastlocation:
  world: shengcun
  x: -401.2114178177962
  y: 78.0
  z: -6.890267976140846
  yaw: -76.94643
  pitch: 26.85024
afk: false
logoutlocation:
  world: world
  x: 107.55721427651608
  y: 31.0
  z: -107.75093953291653
  yaw: -359.33057
  pitch: 3.1174965
money: '9152.25'
