lastAccountName: Test
timestamps:
  login: 1587013818895
  kits:
    color: 1586795244429
    tools: 1585116686238
  lastteleport: 1586923332305
  logout: 1587013819148
  command-cooldowns:
  - pattern: .*( .*)?
    expiry: 1587013206195
ipAddress: 127.0.0.1
lastlocation:
  world: DXL_Game_0
  x: 11.699999988079071
  y: 5.0
  z: 157.70074391936512
  yaw: 90.0
  pitch: 0.0
afk: false
logoutlocation:
  world: world
  x: 109.72182781519123
  y: 31.0
  z: -106.34014171596537
  yaw: 263.61917
  pitch: 19.617434
money: '9152.25'
