lastAccountName: Test
timestamps:
  login: 1586184608066
  kits:
    color: 1586133608167
    tools: 1585116686238
  lastteleport: 1586139819637
  logout: 1586184868704
  command-cooldowns:
  - pattern: .*( .*)?
    expiry: 1586131426328
ipAddress: 127.0.0.1
lastlocation:
  world: world
  x: 14.69509169915231
  y: 27.0
  z: -71.5718685676833
  yaw: -267.47318
  pitch: 20.24989
afk: false
logoutlocation:
  world: world
  x: 44.50931194891761
  y: 15.0
  z: -63.43722452654636
  yaw: -266.2714
  pitch: 11.699913
money: '8102.25'
