lastAccountName: Test
timestamps:
  login: 1586484991356
  kits:
    color: 1586485086938
    tools: 1585116686238
  lastteleport: 1586483183713
  logout: 1586487165589
  command-cooldowns:
  - pattern: .*( .*)?
    expiry: 1586412299828
ipAddress: 127.0.0.1
lastlocation:
  world: DXL_Game_0
  x: -158.48681223769196
  y: 14.0
  z: 121.40275513027288
  yaw: 171.89967
  pitch: 30.149971
afk: false
logoutlocation:
  world: shengcun
  x: -405.9253371350073
  y: 71.0
  z: -144.12052747715512
  yaw: -88.0383
  pitch: 18.749498
money: '8202.25'
