lastAccountName: Test
timestamps:
  login: 1587049748338
  kits:
    color: 1586795244429
    tools: 1585116686238
  lastteleport: 1586923332305
  logout: 1587056338463
  command-cooldowns:
  - pattern: .*( .*)?
    expiry: 1587051566274
ipAddress: 127.0.0.1
lastlocation:
  world: DXL_Game_0
  x: 11.699999988079071
  y: 5.0
  z: 157.70074391936512
  yaw: 90.0
  pitch: 0.0
afk: false
logoutlocation:
  world: world
  x: 107.32934283760197
  y: 31.0
  z: -108.77617355580365
  yaw: 15.668184
  pitch: 25.167538
money: '9152.25'
