lastAccountName: Test
timestamps:
  login: 1586932073615
  kits:
    color: 1586795244429
    tools: 1585116686238
  lastteleport: 1586923332305
  logout: 1586934054429
  command-cooldowns:
  - pattern: .*( .*)?
    expiry: 1586922858623
ipAddress: 127.0.0.1
lastlocation:
  world: shengcun
  x: -388.7020408327662
  y: 70.0
  z: -161.80206356272012
  yaw: -118.944916
  pitch: 15.900097
afk: false
logoutlocation:
  world: world
  x: 106.82307413738036
  y: 31.0
  z: -104.28778990810332
  yaw: 0.0
  pitch: 34.16747
money: '9152.25'
