lastAccountName: Test
timestamps:
  login: 1586408529163
  kits:
    color: 1586400194632
    tools: 1585116686238
  lastteleport: 1586405265101
  logout: 1586414608211
  command-cooldowns:
  - pattern: .*( .*)?
    expiry: 1586412299828
ipAddress: 127.0.0.1
lastlocation:
  world: DXL_Game_0
  x: -0.5670182009137805
  y: 11.0
  z: -105.39316726766283
  yaw: 0.3004491
  pitch: 17.850018
afk: false
logoutlocation:
  world: world
  x: 107.99956850765358
  y: 31.0
  z: -94.9668959721488
  yaw: -58.197357
  pitch: 4.4674053
money: '8202.25'
