lastAccountName: Test
timestamps:
  login: 1585291496006
  kits:
    tools: 1585116686238
  lastteleport: 1585197229329
  logout: 1585291575506
ipAddress: 127.0.0.1
lastlocation:
  world: world
  x: 20.699999988079075
  y: 68.0
  z: 21.16687450670393
  yaw: 151.35219
  pitch: 15.300358
afk: false
logoutlocation:
  world: world
  x: -18.69999998807907
  y: 74.0
  z: -1.0831140892619266
  yaw: 283.3521
  pitch: 28.35026
