lastAccountName: Test
timestamps:
  login: 1587016165839
  kits:
    color: 1586795244429
    tools: 1585116686238
  lastteleport: 1586923332305
  logout: 1587017248121
  command-cooldowns:
  - pattern: .*( .*)?
    expiry: 1587017251175
ipAddress: 127.0.0.1
lastlocation:
  world: DXL_Game_0
  x: 11.699999988079071
  y: 5.0
  z: 157.70074391936512
  yaw: 90.0
  pitch: 0.0
afk: false
logoutlocation:
  world: world
  x: 109.72182781519123
  y: 31.0
  z: -106.34014171596537
  yaw: 269.16888
  pitch: 17.21744
money: '9152.25'
