lastAccountName: Test
timestamps:
  login: 1585717280682
  kits:
    tools: 1585116686238
  lastteleport: 1585629567810
  logout: 1585717488072
ipAddress: 127.0.0.1
lastlocation:
  world: world
  x: -18.599842798323877
  y: 74.0
  z: -2.3875454587802576
  yaw: 297.15155
  pitch: 16.80029
afk: false
logoutlocation:
  world: world
  x: 47.69999998807907
  y: 75.0
  z: 94.69999998807907
  yaw: 186.29733
  pitch: 4.350827
money: '2101.0'
