lastAccountName: Test
timestamps:
  login: 1586452076769
  kits:
    color: 1586400194632
    tools: 1585116686238
  lastteleport: 1586405265101
  logout: 1586452114314
  command-cooldowns:
  - pattern: .*( .*)?
    expiry: 1586412299828
ipAddress: 127.0.0.1
lastlocation:
  world: DXL_Game_0
  x: -0.5670182009137805
  y: 11.0
  z: -105.39316726766283
  yaw: 0.3004491
  pitch: 17.850018
afk: false
logoutlocation:
  world: world
  x: 109.22282747767221
  y: 31.0
  z: -94.68578576397361
  yaw: 109.50273
  pitch: 14.367411
money: '8202.25'
