lastAccountName: Test
timestamps:
  login: 1586971394617
  kits:
    color: 1586795244429
    tools: 1585116686238
  lastteleport: 1586923332305
  logout: 1586971388443
  command-cooldowns:
  - pattern: .*( .*)?
    expiry: 1586922858623
ipAddress: 127.0.0.1
lastlocation:
  world: DXL_Game_0
  x: 11.699999988079071
  y: 5.0
  z: 157.70074391936512
  yaw: 90.0
  pitch: 0.0
afk: false
logoutlocation:
  world: world
  x: 106.82307413738036
  y: 31.0
  z: -104.28778990810332
  yaw: 90.15
  pitch: 41.067513
money: '9152.25'
