lastAccountName: Test
timestamps:
  login: 1586795151974
  kits:
    color: 1586795244429
    tools: 1585116686238
  lastteleport: 1586483183713
  logout: 1586795295337
  command-cooldowns:
  - pattern: .*( .*)?
    expiry: 1586412299828
ipAddress: 127.0.0.1
lastlocation:
  world: DXL_Game_1
  x: 16.833452718165674
  y: 12.0
  z: 0.05716977422358821
  yaw: 62.250084
  pitch: 25.799961
afk: false
logoutlocation:
  world: shengcun
  x: -383.91945334323117
  y: 70.0
  z: -160.56246752990043
  yaw: 4.2039833
  pitch: 27.749933
money: '8202.25'
