lastAccountName: BiShop
timestamps:
  login: 1585757682041
  logout: 1585758698307
  lastteleport: 1585758677942
  kits:
    color: 1585751089780
    tools: 1585116551834
ipAddress: 127.0.0.1
lastlocation:
  world: world
  x: 42.62637119345919
  y: 75.0
  z: 87.46811298795998
  yaw: -3.598893
  pitch: 3.300377
logoutlocation:
  world: world
  x: 40.95478639177815
  y: 75.0
  z: 87.040522023641
  yaw: -3.598893
  pitch: 3.300377
afk: false
powertools: {}
money: '12949.0'
