lastAccountName: BiShop
timestamps:
  login: 1585120422414
  logout: 1585120479667
  lastteleport: 1585110262531
  kits:
    color: 1585116543221
    tools: 1585116551834
ipAddress: 127.0.0.1
lastlocation:
  world: world
  x: -14.643195003439804
  y: 74.0
  z: -2.616946682848941
  yaw: 297.15155
  pitch: 16.80029
logoutlocation:
  world: world
  x: -18.599842798323877
  y: 74.0
  z: -2.3875454587802576
  yaw: 297.60153
  pitch: 18.900284
afk: false
powertools: {}
