lastAccountName: BiShop
timestamps:
  login: 1585870438300
  logout: 1585870271068
  lastteleport: 1585869286948
  kits:
    color: 1585866309423
    tools: 1585116551834
ipAddress: 127.0.0.1
lastlocation:
  world: world
  x: 45.30000001192093
  y: 75.0
  z: 94.69999998807907
  yaw: -101.0698
  pitch: 14.099537
logoutlocation:
  world: world
  x: 41.836422904508765
  y: 75.0
  z: 89.23188809385731
  yaw: -2.3701093
  pitch: 17.849981
afk: true
powertools: {}
money: '12949.0'
