lastAccountName: BiShop
timestamps:
  login: 1585202967135
  logout: 1585203117413
  lastteleport: 1585110262531
  kits:
    color: 1585190794414
    tools: 1585116551834
ipAddress: 127.0.0.1
lastlocation:
  world: world
  x: -14.643195003439804
  y: 74.0
  z: -2.616946682848941
  yaw: 297.15155
  pitch: 16.80029
logoutlocation:
  world: world
  x: -18.599842798323877
  y: 74.0
  z: -2.3875454587802576
  yaw: 277.20233
  pitch: 13.050372
afk: false
powertools: {}
money: '10000'
