lastAccountName: BiShop
timestamps:
  login: 1585527220838
  logout: 1585527241177
  lastteleport: 1585337161294
  kits:
    color: 1585521107336
    tools: 1585116551834
ipAddress: 127.0.0.1
lastlocation:
  world: world
  x: -3.579306729730413
  y: 71.0
  z: 14.538724699122358
  yaw: -265.6488
  pitch: 21.000359
logoutlocation:
  world: world
  x: -7.68109039446872
  y: 71.0
  z: 18.34687527253506
  yaw: 285.88687
  pitch: 24.600842
afk: false
powertools: {}
money: '12949.0'
