lastAccountName: BiShop
timestamps:
  login: 1585678752779
  logout: 1585679007737
  lastteleport: 1585629582027
  kits:
    color: 1585587592167
    tools: 1585116551834
ipAddress: 127.0.0.1
lastlocation:
  world: DXL_Game_0
  x: -30.051525571190677
  y: 4.0
  z: -166.69999998807907
  yaw: 180.0
  pitch: 0.0
logoutlocation:
  world: world
  x: 47.13015548062859
  y: 75.0
  z: 90.24669887521755
  yaw: -0.4518352
  pitch: 13.2009115
afk: false
powertools: {}
money: '12949.0'
