lastAccountName: BiShop
timestamps:
  login: 1585608062624
  logout: 1585607958167
  lastteleport: 1585337161294
  kits:
    color: 1585587592167
    tools: 1585116551834
ipAddress: 127.0.0.1
lastlocation:
  world: world
  x: -3.579306729730413
  y: 71.0
  z: 14.538724699122358
  yaw: -265.6488
  pitch: 21.000359
logoutlocation:
  world: world
  x: 44.94173153299816
  y: 75.0
  z: 88.17122980355875
  yaw: 123.18884
  pitch: 5.4008207
afk: true
powertools: {}
money: '12949.0'
