lastAccountName: BiShop
timestamps:
  login: 1585176213240
  logout: 1585176208044
  lastteleport: 1585110262531
  kits:
    color: 1585116543221
    tools: 1585116551834
ipAddress: 127.0.0.1
lastlocation:
  world: world
  x: -14.643195003439804
  y: 74.0
  z: -2.616946682848941
  yaw: 297.15155
  pitch: 16.80029
logoutlocation:
  world: world
  x: -18.380462544033737
  y: 74.0
  z: -2.3336732754894287
  yaw: 307.65112
  pitch: 27.300236
afk: false
powertools: {}
money: '84100.0'
