lastAccountName: BiShop
timestamps:
  login: 1585329024747
  logout: 1585329088201
  lastteleport: 1585327321289
  kits:
    color: 1585190794414
    tools: 1585116551834
ipAddress: 127.0.0.1
lastlocation:
  world: world
  x: -18.599842798323877
  y: 74.0
  z: -2.3875454587802576
  yaw: 297.15155
  pitch: 16.80029
logoutlocation:
  world: world
  x: 3.300000011920929
  y: 36.0
  z: 3.4875908461706984
  yaw: -107.40068
  pitch: 7.500127
afk: false
powertools: {}
money: '13000.0'
