lastAccountName: BiShop
timestamps:
  login: 1585756057500
  logout: 1585755557499
  lastteleport: 1585754838129
  kits:
    color: 1585751089780
    tools: 1585116551834
ipAddress: 127.0.0.1
lastlocation:
  world: world
  x: -17.340859152247823
  y: 74.0
  z: -0.9110042272537011
  yaw: 327.75537
  pitch: 16.650291
logoutlocation:
  world: world
  x: 57.15038125755879
  y: 77.61130025129778
  z: 86.22678046061141
  yaw: -312.4801
  pitch: 12.300969
afk: false
powertools: {}
money: '12949.0'
