lastAccountName: BiShop
timestamps:
  login: 1585097225872
  logout: 1585097525729
ipAddress: 127.0.0.1
lastlocation:
  world: world
  x: -153.5
  y: 71.0
  z: -46.5
  yaw: 0.53151727
  pitch: 0.0
logoutlocation:
  world: world
  x: -141.19090500023165
  y: 89.0
  z: -40.247637317166415
  yaw: -79.05048
  pitch: 27.299881
