lastAccountName: BiShop
timestamps:
  login: 1585688549195
  logout: 1585704381020
  lastteleport: 1585690420099
  kits:
    color: 1585587592167
    tools: 1585116551834
ipAddress: 127.0.0.1
lastlocation:
  world: DXL_Game_0
  x: -22.93444503615288
  y: 4.0
  z: -162.02517411664147
  yaw: 196.05031
  pitch: 2.3999999
logoutlocation:
  world: world
  x: 48.498836498795214
  y: 75.0
  z: 91.26070083287091
  yaw: 40.6475
  pitch: 16.500895
afk: false
powertools: {}
money: '12949.0'
