lastAccountName: BiShop
timestamps:
  login: 1585717262851
  logout: 1585717490129
  lastteleport: 1585717295454
  kits:
    color: 1585587592167
    tools: 1585116551834
ipAddress: 127.0.0.1
lastlocation:
  world: DXL_Game_0
  x: -22.93444503615288
  y: 4.0
  z: -162.02517411664147
  yaw: 196.05031
  pitch: 2.3999999
logoutlocation:
  world: world
  x: 46.31440700441085
  y: 75.0
  z: 90.36834004272507
  yaw: 3.597346
  pitch: 5.8508325
afk: false
powertools: {}
money: '12949.0'
