lastAccountName: BiShop
timestamps:
  login: 1585578955234
  logout: 1585588570782
  lastteleport: 1585337161294
  kits:
    color: 1585587592167
    tools: 1585116551834
ipAddress: 127.0.0.1
lastlocation:
  world: world
  x: -3.579306729730413
  y: 71.0
  z: 14.538724699122358
  yaw: -265.6488
  pitch: 21.000359
logoutlocation:
  world: world
  x: 44.92970446096595
  y: 75.0
  z: 83.92795904734577
  yaw: 190.21057
  pitch: 20.700783
afk: false
powertools: {}
money: '12949.0'
