lastAccountName: BiShop
timestamps:
  login: 1585291451521
  logout: 1585291570607
  lastteleport: 1585110262531
  kits:
    color: 1585190794414
    tools: 1585116551834
ipAddress: 127.0.0.1
lastlocation:
  world: world
  x: -14.643195003439804
  y: 74.0
  z: -2.616946682848941
  yaw: 297.15155
  pitch: 16.80029
logoutlocation:
  world: world
  x: -18.566126107534526
  y: 74.0
  z: -2.5646124492492897
  yaw: 300.9014
  pitch: 20.40028
afk: false
powertools: {}
money: '13000.0'
