lastAccountName: BiShop
timestamps:
  login: 1585752574845
  logout: 1585752794897
  lastteleport: 1585750361945
  kits:
    color: 1585751089780
    tools: 1585116551834
ipAddress: 127.0.0.1
lastlocation:
  world: DXL_Game_0
  x: -22.93444503615288
  y: 4.0
  z: -162.02517411664147
  yaw: 196.05031
  pitch: 2.3999999
logoutlocation:
  world: world
  x: 53.10696448672881
  y: 75.0
  z: 85.21643624354344
  yaw: -288.4526
  pitch: -0.74921125
afk: false
powertools: {}
money: '12949.0'
