lastAccountName: BiShop
timestamps:
  login: 1585776387688
  logout: 1585775254936
  lastteleport: 1585774278535
  kits:
    color: 1585751089780
    tools: 1585116551834
ipAddress: 127.0.0.1
lastlocation:
  world: DXL_Game_0
  x: -38.999391828538364
  y: 4.0
  z: -162.97902576694682
  yaw: 299.24582
  pitch: 15.149985
logoutlocation:
  world: world
  x: 46.551266684896355
  y: 75.0
  z: 90.09181298841814
  yaw: 27.29996
  pitch: 12.449999
afk: false
powertools: {}
money: '12949.0'
