lastAccountName: BiShop
timestamps:
  login: 1585844767286
  logout: 1585845251246
  lastteleport: 1585806659180
  kits:
    color: 1585751089780
    tools: 1585116551834
ipAddress: 127.0.0.1
lastlocation:
  world: boss
  x: 208.77984352863717
  y: 4.0
  z: -142.14381508862277
  yaw: -91.05072
  pitch: -1.7731518
logoutlocation:
  world: world
  x: 46.64443165595267
  y: 75.0
  z: 90.21666203773478
  yaw: 352.54517
  pitch: 14.229224
afk: false
powertools: {}
money: '12949.0'
