world: world_nether
x: 26.479322087736723
y: 44.0
z: 52.38965767830608
yaw: -352.9486
pitch: -4.0498586
name: dy
lastowner: 9754b8e3-52ad-3c33-b44a-a5ed356ad6f2
