world: world_the_end
x: -89.8115444839783
y: 58.0
z: -38.597209421814725
yaw: -88.49841
pitch: 2.8500066
name: md
lastowner: 9754b8e3-52ad-3c33-b44a-a5ed356ad6f2
