world: world
x: 16.632290292457363
y: 27.0
z: -71.53783326394574
yaw: -270.92303
pitch: 8.849916
name: shop
lastowner: 444cf323-978c-3e83-9288-612345bfec67
